512
93.000000
94.000000
99.000000
92.000000
93.000000
101.000000
109.000000
107.000000
105.000000
102.000000
93.000000
105.000000
99.000000
107.000000
90.000000
95.000000
90.000000
103.000000
108.000000
97.000000
99.000000
97.000000
97.000000
91.000000
108.094719
95.100586
97.106804
101.113419
100.120438
108.127884
98.135796
97.144203
104.153122
99.162598
91.172661
108.183342
90.194687
101.206734
98.219528
98.233109
94.247536
101.262856
93.279114
96.296387
91.314728
93.334206
93.354881
92.376839
98.400162
92.424919
99.451210
106.479134
91.508781
98.540260
100.573692
101.609184
103.646881
106.686905
105.729416
106.774544
105.822472
94.873367
94.927406
94.984787
104.045723
107.110435
105.179146
97.252106
100.329582
94.411850
104.499214
104.591980
98.690483
101.795082
91.906158
101.024109
97.149353
95.282349
95.423569
105.573532
108.732773
103.901871
96.081429
103.272102
104.474564
106.689560
95.917862
111.160286
97.417709
111.691063
102.981331
106.289558
109.616859
99.964417
111.333473
97.725365
99.141510
107.583405
105.052643
108.550919
105.080017
112.641861
116.238464
110.871994
104.544716
105.259064
121.017616
99.000000
103.000000
96.000000
104.177238
92.288277
100.456024
108.701607
103.049850
104.527885
97.162628
99.977165
98.986137
95.190750
113.574104
110.097885
110.701424
107.303894
120.809998
104.118835
112.134819
122.779175
112.000000
121.779175
122.134819
109.118835
117.809998
103.303894
103.701424
112.097885
113.574104
113.190750
109.986137
95.977165
108.162628
102.527885
107.049850
108.701607
93.456024
100.288277
103.000000
90.000000
100.000000
100.000000
91.000000
90.000000
93.000000
95.000000
95.000000
91.000000
96.000000
93.000000
102.000000
99.000000
98.000000
105.000000
101.000000
98.000000
106.000000
105.000000
105.000000
96.000000
96.000000
102.000000
99.000000
93.000000
95.000000
96.000000
104.000000
90.000000
99.000000
90.000000
91.000000
101.000000
100.000000
104.000000
101.000000
104.000000
109.000000
98.000000
97.000000
95.000000
101.000000
109.000000
97.000000
101.000000
97.000000
108.000000
101.000000
93.000000
96.000000
97.000000
99.000000
102.000000
109.000000
100.000000
98.000000
106.000000
98.000000
92.000000
99.000000
99.000000
104.000000
100.000000
90.000000
95.000000
106.000000
93.000000
101.000000
105.000000
93.000000
108.000000
103.000000
96.000000
99.000000
102.000000
108.000000
106.000000
100.000000
99.000000
109.000000
98.000000
98.000000
90.000000
103.000000
133.697968
134.679703
117.948822
123.477982
111.242416
116.219719
126.389618
118.733788
117.235619
110.880104
102.653664
119.544006
102.540009
113.631607
114.809708
107.066071
107.393242
103.784477
99.233681
111.735336
110.284439
108.876472
108.507355
106.173386
109.871216
109.597824
97.350456
110.126648
97.924149
97.740929
102.575157
97.425171
99.289467
96.166687
105.055595
108.955078
101.864136
101.781853
90.707405
103.640045
90.579102
102.523964
102.474068
104.428932
91.388084
100.351135
96.317696
102.287445
100.260078
92.235313
101.212906
99.192635
107.174294
90.157692
104.142677
99.129089
107.116798
101.105682
98.095619
107.000000
100.000000
90.000000
105.000000
109.000000
107.000000
100.000000
108.000000
99.000000
93.000000
100.000000
106.000000
105.000000
93.000000
99.000000
100.000000
95.000000
103.000000
99.000000
100.000000
94.000000
101.000000
92.000000
95.000000
92.000000
93.000000
102.000000
101.000000
103.000000
95.000000
109.000000
92.000000
105.000000
101.000000
108.000000
96.000000
98.000000
98.000000
95.000000
99.000000
93.000000
97.000000
107.000000
108.000000
101.000000
97.000000
91.000000
98.000000
102.000000
92.000000
107.000206
98.000458
102.001846
155.000000
96.001846
104.000458
98.000206
108.000000
96.000000
103.000000
93.000000
107.000000
106.000000
101.000000
98.000000
104.000000
107.000000
98.000000
104.000000
104.000000
108.000000
100.000000
92.000000
105.000000
98.000000
95.000000
104.000000
91.000000
95.000000
108.000000
93.000000
105.000000
97.000000
99.000000
90.000000
95.000000
94.000000
98.000000
93.000000
93.000000
104.000000
109.000000
90.000000
100.000000
92.000000
91.000000
106.000000
109.000000
99.000000
100.000000
96.000000
109.000000
90.000000
90.000000
97.000000
91.000000
107.000000
91.000000
104.000000
92.000000
90.000000
100.000000
99.000000
109.000000
101.000000
100.000000
94.000000
105.000000
100.000000
109.000000
100.000000
94.000000
100.000000
93.000000
104.000000
102.000000
106.000000
92.000000
94.000000
95.000000
103.000000
100.000000
107.000000
95.000000
100.000000
94.000000
108.000000
109.000000
95.000000
95.000000
91.000000
107.000000
105.000000
92.000000
98.000000
96.000000
102.000000
94.000664
102.001488
93.005959
110.000000
105.005959
97.001488
96.000664
101.000000
104.000000
101.000000
97.000000
106.000000
105.000000
94.000000
91.000000
107.000000
91.000000
109.000000
109.000000
95.000000
99.000000
108.000000
93.000000
104.000000
109.000000
102.000000
91.000000
103.000000
103.000000
109.000000
96.000000
107.000000
103.000000
91.000000
103.000000
91.000000
90.000000
102.000000
102.000000
104.000000
93.000000
101.000000
93.000000
100.000000
105.000000
106.000000
97.000000
107.000000
105.000000
96.000000
104.000000
95.000000
94.000000
99.000000
101.000000
105.000000
104.000000
103.000000
98.000000
97.000000
101.155083
96.235710
94.351006
106.512138
97.732140
101.025482
108.407318
99.892303
105.492981
95.217941
107.069756
111.043015
108.122711
106.283295
105.488747
